
43.068997,89.410766,4:16:00,-60.130000,34.800000,1.690000,6.910000
43.068997,89.410766,4:17:00,-57.820000,34.510000,1.690000,7.600000
43.068997,89.410766,4:18:00,-59.450000,34.650000,1.690000,6.890000
43.068997,89.410766,4:19:00,-57.420000,35.290000,1.700000,7.210000
43.068997,89.410766,4:20:00,-57.530000,34.970000,1.710000,5.940000
43.067926,89.412706,4:25:00,-65.600000,33.830000,1.690000,7.610000
43.067926,89.412706,4:26:00,-72.630000,32.410000,1.660000,5.130000
43.067926,89.412706,4:27:00,-70.640000,33.120000,1.020000,6.350000
43.067926,89.412706,4:28:00,-71.310000,33.140000,1.250000,6.930000
43.067926,89.412706,4:29:00,-71.880000,32.490000,1.690000,7.270000
43.071154,89.407634,3:35:00,-52.950000,35.970000,1.620000,7.610000
43.071154,89.407634,3:36:00,-52.100000,34.780000,1.710000,7.840000
43.071154,89.407634,3:37:00,-51.900000,36.610000,1.650000,7.420000
43.071154,89.407634,3:38:00,-49.260000,36.170000,1.650000,7.960000
43.071154,89.407634,3:39:00,-53.700000,36.560000,1.700000,7.960000
43.066906,89.414356,4:49:00,-69.470000,31.640000,1.140000,7.160000
43.066906,89.414356,4:50:00,-70.220000,31.470000,1.050000,4.950000
43.066906,89.414356,4:51:00,-69.730000,31.690000,1.130000,7.960000
43.066906,89.414356,4:52:00,-66.460000,34.540000,1.640000,7.310000
43.066906,89.414356,4:53:00,-65.670000,34.590000,1.660000,7.040000
43.067773,89.412280,5:48:00,-69.370000,34.220000,1.700000,7.670000
43.067773,89.412280,5:49:00,-68.890000,33.940000,1.700000,8.040000
43.067773,89.412280,5:50:00,-69.100000,34.060000,1.700000,7.590000
43.067773,89.412280,5:51:00,-68.900000,34.080000,1.710000,7.470000
43.067773,89.412280,5:52:00,-69.430000,33.900000,1.690000,7.620000
43.069338,89.411060,5:26:00,-58.480000,35.200000,1.090000,6.290000
43.069338,89.411060,5:27:00,-58.790000,35.150000,1.660000,2.800000
43.069338,89.411060,5:28:00,-58.720000,35.150000,1.700000,3.840000
43.069338,89.411060,5:29:00,-59.210000,35.200000,1.680000,4.660000
43.069338,89.411060,5:30:00,-59.960000,35.130000,1.380000,3.810000
43.068334,89.411888,5:40:00,-59.970000,34.460000,1.680000,7.500000
43.068334,89.411888,5:41:00,-63.160000,33.370000,1.700000,3.080000
43.068334,89.411888,5:42:00,-62.790000,33.980000,1.710000,8.060000
43.068334,89.411888,5:43:00,-64.950000,31.210000,1.690000,7.850000
43.068334,89.411888,5:45:00,-65.150000,31.140000,1.690000,7.940000
43.064967,89.417581,5:59:00,-72.300000,30.060000,1.580000,6.890000
43.064967,89.417581,6:00:00,-66.980000,33.230000,1.560000,5.600000
43.064967,89.417581,6:01:00,-69.630000,32.250000,1.690000,4.850000
43.064967,89.417581,6:02:00,-66.670000,33.390000,1.630000,7.190000
43.064967,89.417581,6:04:00,-68.120000,32.720000,1.190000,7.100000
43.065200,89.416827,5:51:00,-65.490000,34.490000,1.170000,6.940000
43.065200,89.416827,5:52:00,-65.410000,34.520000,1.050000,6.040000
43.065200,89.416827,5:53:00,-64.320000,34.990000,1.230000,6.920000
43.065200,89.416827,5:54:00,-64.970000,34.870000,1.660000,6.440000
43.065200,89.416827,5:55:00,-65.390000,34.650000,1.690000,5.970000
43.066406,89.415039,5:27:00,-69.130000,34.020000,1.010000,7.500000
43.066406,89.415039,5:28:00,-71.230000,33.570000,1.110000,7.910000
43.066406,89.415039,5:29:00,-69.900000,34.320000,0.966000,11.270000
43.066406,89.415039,5:30:00,-71.540000,33.460000,0.992000,7.580000
43.066406,89.415039,5:31:00,-66.480000,35.880000,1.240000,7.220000
43.066538,89.415158,5:34:00,-79.700000,26.390000,0.970000,7.350000
43.066538,89.415158,5:35:00,-79.000000,26.780000,0.924000,7.290000
43.066538,89.415158,5:36:00,-74.300000,31.000000,0.826000,7.460000
43.066538,89.415158,5:37:00,-73.430000,30.820000,0.803000,6.690000
43.066538,89.415158,5:38:00,-76.890000,28.560000,0.940000,6.840000
43.066689,89.416959,5:41:00,-93.100000,10.500000,0.049300,1.410000
43.066689,89.416959,5:42:00,-92.910000,11.880000,0.179000,1.370000
43.066689,89.416959,5:43:00,-92.650000,14.390000,0.236000,2.390000
43.066689,89.416959,5:44:00,-92.980000,13.300000,0.195000,2.180000
43.066689,89.416959,5:45:00,-91.580000,15.200000,0.136000,1.660000
43.071306,89.410284,5:16:00,-60.270000,35.660000,1.550000,6.970000
43.071306,89.410284,5:17:00,-59.320000,34.190000,1.690000,8.250000
43.071306,89.410284,5:18:00,-59.100000,35.140000,1.690000,5.000000
43.071306,89.410284,5:19:00,-60.410000,34.090000,1.700000,3.870000
43.071306,89.410284,5:20:00,-58.980000,34.460000,1.020000,4.330000
43.067055,89.414117,4:59:00,-78.660000,26.220000,1.130000,7.280000
43.067055,89.414117,5:00:00,-77.430000,26.620000,0.921000,5.780000
43.067055,89.414117,5:01:00,-75.810000,28.280000,1.150000,7.150000
43.067055,89.414117,5:02:00,-76.750000,27.730000,0.996000,6.770000
43.067055,89.414117,5:03:00,-75.860000,28.470000,1.070000,8.390000
43.070996,89.409359,3:57:00,-61.880000,33.460000,1.610000,7.340000
43.070996,89.409359,3:58:00,-57.190000,35.970000,1.660000,7.930000
43.070996,89.409359,3:59:00,-61.380000,33.520000,1.630000,7.870000
43.070996,89.409359,4:00:00,-58.030000,35.680000,1.690000,7.510000
43.070996,89.409359,4:01:00,-61.730000,33.640000,1.710000,6.720000
43.068002,89.412826,4:32:00,-73.740000,31.170000,0.946000,4.340000
43.068002,89.412826,4:33:00,-71.480000,32.660000,1.230000,6.010000
43.068002,89.412826,4:34:00,-72.220000,32.470000,1.160000,7.180000
43.068002,89.412826,4:35:00,-72.060000,32.480000,1.090000,7.410000
43.068002,89.412826,4:36:00,-71.450000,32.590000,1.090000,7.700000
43.069410,89.410308,4:06:00,-65.100000,34.290000,1.690000,7.480000
43.069410,89.410308,4:07:00,-62.860000,35.000000,1.690000,2.710000
43.069410,89.410308,4:08:00,-61.780000,35.000000,1.690000,7.520000
43.069410,89.410308,4:09:00,-66.280000,34.230000,1.700000,7.600000
43.069410,89.410308,4:10:00,-63.540000,35.000000,1.700000,7.760000
43.067392,89.413220,4:42:00,-74.850000,31.180000,1.330000,7.390000
43.067392,89.413220,4:43:00,-74.430000,31.350000,1.380000,6.720000
43.067392,89.413220,4:44:00,-73.230000,31.920000,1.020000,6.590000
43.067392,89.413220,4:45:00,-73.470000,31.780000,1.150000,7.230000
43.067392,89.413220,4:46:00,-71.970000,32.570000,1.150000,7.050000
43.068648,89.411308,5:33:00,-60.610000,35.010000,1.540000,6.520000
43.068648,89.411308,5:34:00,-60.180000,35.470000,1.710000,7.570000
43.068648,89.411308,5:35:00,-60.440000,35.460000,1.710000,8.250000
43.068648,89.411308,5:36:00,-58.520000,35.810000,1.710000,7.910000
43.068648,89.411308,5:38:00,-57.800000,36.170000,1.710000,7.530000
43.064036,89.418619,6:08:00,-67.260000,33.130000,1.250000,5.400000
43.064036,89.418619,6:09:00,-63.920000,34.580000,1.190000,7.230000
43.064036,89.418619,6:10:00,-68.630000,33.180000,0.903000,7.340000
43.064036,89.418619,6:11:00,-70.520000,31.930000,1.340000,7.250000
43.064036,89.418619,6:13:00,-69.250000,33.020000,0.814000,7.140000
